0.0001	25756.2
0.0002667	25756
0.000544589	25755.6
0.00100783	25755
0.00178005	25754
0.00306735	25752.4
0.00521327	25749.6
0.00879052	25744.9
0.0147538	25737.2
0.0246946	25724.3
0.0412658	25702.8
0.0688902	25667.2
0.11494	25608.2
0.191705	25510.8
0.319672	25351
0.532993	25091.6
0.887907	24679
1.38659	24131.1
1.9958	23502.6
2.66905	22851.7
3.38278	22204.5
4.13468	21564.1
4.92539	20931
5.75541	20305.7
6.62442	19689.1
7.53136	19082.9
8.47344	18489.3
9.4538	17907
10.4703	17337.7
11.5198	16783.4
12.5998	16245.4
13.7089	15724.2
14.8467	15219.7
16.0139	14731.4
17.2118	14258.6
18.4421	13800.6
19.7071	13356.4
21.0094	12925.3
22.3523	12506.5
23.7392	11992.3
25.1743	11311.3
26.6624	10552.2
28.2089	9992.7
29.8201	9450.94
31.5401	8741.21
33.3696	8103.88
35.3208	7559.29
37.4088	7086.16
39.6521	6668.63
42.0729	6194.43
44.6981	5672.02
47.5453	6285.28
50.6328	6823.61
54.0029	6342.79
57.6808	5750.21
61.6815	5529.47
66.0424	5725.61
70.82	5578.22
76.0311	4937.93
81.4355	4413.59
86.9381	4008.28
92.5229	3811.61
98.2044	3910.66
104.009	4109.27
109.97	3922.38
116.078	3708.27
122.327	3521.52
128.752	3364.81
135.394	3235.19
142.3	3128.02
149.513	3038.5
157.089	2962.21
165.088	2895.41
173.594	2834.97
182.716	2893.64
192.595	2974.44
202.595	3095.79
212.595	3006.26
222.595	2911.1
232.595	2819.88
242.595	2737.28
252.595	2663.41
262.595	2578.1
272.595	2496.19
282.595	2437.56
292.595	2338.9
302.595	2019.2
312.595	1927.86
322.595	2099.06
332.595	2241.54
342.595	2471.89
352.595	2791.89
362.595	2825.87
372.595	2759.73
382.595	2684.09
392.595	2618.07
402.595	2552.93
412.595	2502.96
422.595	2465.1
432.595	2435.56
442.595	2411.7
452.595	2391.77
462.595	2374.62
472.595	2359.55
482.595	2345.99
492.595	2333.64
502.595	2322.26
512.595	2311.65
522.595	2301.75
532.595	2292.45
542.595	2283.7
552.595	2275.46
562.595	2267.68
572.595	2260.35
582.595	2253.43
592.595	2246.9
602.595	2240.79
612.595	2235.08
622.595	2229.77
632.595	2224.85
642.595	2220.31
651.595	2216.53
660.595	2213.06
669.595	2209.91
677.695	2207.33
685.795	2205.01
693.085	2203.12
700.375	2201.45
706.936	2200.12
713.497	2198.95
719.401	2198.04
725.306	2197.28
730	2196.76
