0.0001	0.00349689
0.0002667	0.00932529
0.000544589	0.0190396
0.00100783	0.0352288
0.00178005	0.0622037
0.00306735	0.107136
0.00521327	0.181941
0.00879052	0.306371
0.0147538	0.51305
0.0246946	0.855521
0.0412658	1.42074
0.0688902	2.34739
0.11494	3.85113
0.191705	6.24651
0.319672	9.95015
0.532993	15.4032
0.887907	22.8074
1.38659	30.623
1.9958	37.2914
2.66905	42.1224
3.38278	45.2313
4.13468	46.9643
4.92539	47.6354
5.75541	47.5054
6.62442	46.7871
7.53136	45.6513
8.47344	44.2347
9.4538	42.6328
10.4703	40.924
11.5198	39.1684
12.5998	37.4089
13.7089	35.6748
14.8467	33.9843
16.0139	32.3484
17.2118	30.7732
18.4421	29.2614
19.7071	27.8138
21.0094	26.4298
22.3523	25.1079
23.7392	23.4566
25.1743	21.1175
26.6624	18.3114
28.2089	16.1292
29.8201	14.2474
31.5401	12.6124
33.3696	11.2149
35.3208	10.0297
37.4088	9.03003
39.6521	8.1903
42.0729	7.48725
44.6981	6.91976
47.5453	7.38046
50.6328	8.27131
54.0029	8.4025
57.6808	8.00784
61.6815	7.39734
66.0424	6.75828
70.82	6.18644
76.0311	5.72231
81.4355	5.37928
86.9381	5.13312
92.5229	4.95461
98.2044	4.82031
104.009	4.71356
109.97	4.62323
116.078	4.54267
122.327	4.46777
128.752	4.39578
135.394	4.32503
142.3	4.25453
149.513	4.1837
157.089	4.11226
165.088	4.04031
173.594	3.96862
182.716	3.8993
192.595	3.83684
202.595	3.79153
212.595	3.77267
222.595	3.79818
232.595	3.88954
242.595	4.06343
252.595	4.3518
262.595	4.85255
272.595	5.55687
282.595	6.44148
292.595	7.97244
302.595	10.864
312.595	13.8455
322.595	16.367
332.595	18.4279
342.595	20.135
352.595	21.584
362.595	22.8422
372.595	24.0435
382.595	25.1931
392.595	26.2049
402.595	26.9768
412.595	27.6626
422.595	28.2873
432.595	28.8553
442.595	29.3695
452.595	29.8331
462.595	30.2489
472.595	30.6202
482.595	30.9498
492.595	31.2405
502.595	31.4951
512.595	31.716
522.595	31.9058
532.595	32.0667
542.595	32.2009
552.595	32.3101
562.595	32.3964
572.595	32.4618
582.595	32.5083
592.595	32.5379
602.595	32.5526
612.595	32.5544
622.595	32.5452
632.595	32.527
642.595	32.502
651.595	32.475
660.595	32.4444
669.595	32.4112
677.695	32.3795
685.795	32.3467
693.085	32.3165
700.375	32.286
706.936	32.2586
713.497	32.2316
719.401	32.2079
725.306	32.185
730	32.1673
