0.0001	3679.47
0.0002667	3679.45
0.000544589	3679.43
0.00100783	3679.38
0.00178005	3679.31
0.00306735	3679.18
0.00521327	3678.98
0.00879052	3678.63
0.0147538	3678.06
0.0246946	3677.1
0.0412658	3675.51
0.0688902	3672.86
0.11494	3668.45
0.191705	3661.14
0.319672	3649.06
0.532993	3629.2
0.887907	3596.88
1.38659	3553.12
1.9958	3501.56
2.66905	3446.8
3.38278	3391.04
4.13468	3334.67
4.92539	3277.8
5.75541	3220.53
6.62442	3163.02
7.53136	3105.46
8.47344	3048.11
9.4538	2990.86
10.4703	2933.91
11.5198	2877.49
12.5998	2821.76
13.7089	2766.82
14.8467	2712.7
16.0139	2659.37
17.2118	2606.81
18.4421	2554.97
19.7071	2503.78
21.0094	2453.2
22.3523	2403.14
23.7392	2353.55
25.1743	2304.37
26.6624	2255.52
28.2089	2206.93
29.8201	2158.53
31.5401	2109.24
33.3696	2059.33
35.3208	2008.76
37.4088	1957.48
39.6521	1905.44
42.0729	1852.55
44.6981	1798.74
47.5453	1744.19
50.6328	1689.13
54.0029	1633.44
57.6808	1577.41
61.6815	1521.47
66.0424	1453.16
70.82	1271.51
76.0311	1102.65
81.4355	977.569
86.9381	883.912
92.5229	812.08
98.2044	755.548
104.009	709.963
109.97	672.392
116.078	641.001
122.327	614.431
128.752	591.55
135.394	571.518
142.3	553.721
149.513	537.708
157.089	523.128
165.088	509.707
173.594	497.219
182.716	600.752
192.595	725.219
202.595	887.427
212.595	836.764
222.595	780.701
232.595	729.461
242.595	686.146
252.595	651.049
262.595	619.105
272.595	584.437
282.595	558.245
292.595	539.738
302.595	468.474
312.595	402.521
322.595	414.34
332.595	421.009
342.595	548.1
352.595	781.514
362.595	754.367
372.595	700.858
382.595	660.73
392.595	632.974
402.595	613.697
412.595	599.935
422.595	589.747
432.595	581.899
442.595	575.607
452.595	570.371
462.595	565.867
472.595	561.906
482.595	558.324
492.595	555.047
502.595	552.01
512.595	549.16
522.595	546.482
532.595	543.95
542.595	541.549
552.595	539.27
562.595	537.098
572.595	535.024
582.595	533.043
592.595	531.148
602.595	529.347
612.595	527.641
622.595	526.026
632.595	524.501
642.595	523.061
651.595	521.826
660.595	520.657
669.595	519.55
677.695	518.603
685.795	517.71
693.085	516.947
700.375	516.229
706.936	515.616
713.497	515.039
719.401	514.547
725.306	514.089
730	513.742
