0.0001	0.00125888
0.0002667	0.00335724
0.000544589	0.00685486
0.00100783	0.0126844
0.00178005	0.0223995
0.00306735	0.038587
0.00521327	0.0655505
0.00879052	0.11044
0.0147538	0.185109
0.0246946	0.309132
0.0412658	0.514635
0.0688902	0.853782
0.11494	1.41003
0.191705	2.31216
0.319672	3.7489
0.532993	5.96951
0.887907	9.23116
1.38659	13.0796
1.9958	16.8667
2.66905	20.141
3.38278	22.7889
4.13468	24.8536
4.92539	26.3968
5.75541	27.4819
6.62442	28.1708
7.53136	28.5237
8.47344	28.5976
9.4538	28.4444
10.4703	28.1096
11.5198	27.6344
12.5998	27.054
13.7089	26.3977
14.8467	25.6888
16.0139	24.9451
17.2118	24.1807
18.4421	23.4059
19.7071	22.6287
21.0094	21.855
22.3523	21.0891
23.7392	20.3343
25.1743	19.5929
26.6624	18.8664
28.2089	18.156
29.8201	17.4623
31.5401	16.772
33.3696	16.0908
35.3208	15.4204
37.4088	14.7621
39.6521	14.1167
42.0729	13.1167
44.6981	11.6517
47.5453	10.303
50.6328	9.1147
54.0029	8.09559
57.6808	7.24445
61.6815	6.54963
66.0424	5.98959
70.82	5.54038
76.0311	5.18227
81.4355	4.90576
86.9381	4.68989
92.5229	4.62284
98.2044	4.84367
104.009	5.23306
109.97	5.28514
116.078	5.13433
122.327	4.90749
128.752	4.67034
135.394	4.45264
142.3	4.26471
149.513	4.10686
157.089	3.97472
165.088	3.86243
173.594	3.76451
182.716	3.67724
192.595	3.59975
202.595	3.53888
212.595	3.49974
222.595	3.49395
232.595	3.53872
242.595	3.65011
252.595	3.83969
262.595	4.17889
272.595	4.71088
282.595	5.42097
292.595	6.37742
302.595	8.33955
312.595	11.1454
322.595	13.8265
332.595	16.1242
342.595	18.2162
352.595	20.2206
362.595	21.8208
372.595	22.8778
382.595	23.7938
392.595	24.6278
402.595	25.391
412.595	26.0876
422.595	26.7207
432.595	27.2935
442.595	27.8093
452.595	28.2715
462.595	28.6835
472.595	29.0484
482.595	29.3695
492.595	29.6497
502.595	29.8916
512.595	30.098
522.595	30.2713
532.595	30.414
542.595	30.5284
552.595	30.6167
562.595	30.6812
572.595	30.724
582.595	30.7471
592.595	30.7527
602.595	30.7426
612.595	30.7183
622.595	30.6813
632.595	30.633
642.595	30.5749
651.595	30.5158
660.595	30.4511
669.595	30.3819
677.695	30.3167
685.795	30.2492
693.085	30.1873
700.375	30.1244
706.936	30.0675
713.497	30.0106
719.401	29.9594
725.306	29.9085
730	29.8682
