0.0001	0.00755328
0.0002667	0.020143
0.000544589	0.0411271
0.00100783	0.0760995
0.00178005	0.134376
0.00306735	0.23146
0.00521327	0.393124
0.00879052	0.662136
0.0147538	1.10924
0.0246946	1.85085
0.0412658	3.07689
0.0688902	5.09264
0.11494	8.3788
0.191705	13.6544
0.319672	21.9181
0.532993	34.3532
0.887907	51.8652
1.38659	71.3806
1.9958	89.3137
2.66905	103.662
3.38278	114.284
4.13468	121.727
4.92539	126.541
5.75541	129.213
6.62442	130.164
7.53136	129.759
8.47344	128.307
9.4538	126.057
10.4703	123.215
11.5198	119.957
12.5998	116.423
13.7089	112.718
14.8467	108.923
16.0139	105.097
17.2118	101.281
18.4421	97.5055
19.7071	93.7913
21.0094	90.1534
22.3523	86.602
23.7392	82.7538
25.1743	78.2568
26.6624	73.3359
28.2089	69.0853
29.8201	65.0029
31.5401	60.3588
33.3696	55.9347
35.3208	51.9058
37.4088	48.2723
39.6521	45.0131
42.0729	41.7282
44.6981	38.2908
47.5453	36.1622
50.6328	34.7728
54.0029	32.9197
57.6808	30.8209
61.6815	29.0569
66.0424	27.9174
70.82	26.489
76.0311	24.6291
81.4355	22.8905
86.9381	21.4288
92.5229	20.3573
98.2044	19.7836
104.009	19.5435
109.97	19.0887
116.078	18.5212
122.327	17.9421
128.752	17.3961
135.394	16.8981
142.3	16.4478
149.513	16.0386
157.089	15.6609
165.088	15.3063
173.594	14.9686
182.716	14.7627
192.595	14.6511
202.595	14.6572
212.595	14.5502
222.595	14.5031
232.595	14.6482
242.595	15.0761
252.595	15.8717
262.595	17.3279
272.595	19.5524
282.595	22.4891
292.595	26.9166
302.595	35.4918
312.595	46.4977
322.595	56.8974
332.595	65.8461
342.595	74.1771
352.595	81.6186
362.595	87.394
372.595	92.0068
382.595	95.9617
392.595	99.4621
402.595	102.506
412.595	105.266
422.595	107.776
432.595	110.051
442.595	112.102
452.595	113.944
462.595	115.587
472.595	117.047
482.595	118.333
492.595	119.459
502.595	120.436
512.595	121.273
522.595	121.981
532.595	122.57
542.595	123.048
552.595	123.423
562.595	123.704
572.595	123.899
582.595	124.016
592.595	124.063
602.595	124.049
612.595	123.979
622.595	123.861
632.595	123.702
642.595	123.508
651.595	123.31
660.595	123.092
669.595	122.858
677.695	122.637
685.795	122.408
693.085	122.197
700.375	121.983
706.936	121.788
713.497	121.593
719.401	121.418
725.306	121.244
730	121.107
