0.0001	38.4323
0.0002667	38.432
0.000544589	38.4316
0.00100783	38.4309
0.00178005	38.4297
0.00306735	38.4278
0.00521327	38.4245
0.00879052	38.4191
0.0147538	38.4102
0.0246946	38.3952
0.0412658	38.3703
0.0688902	38.3288
0.11494	38.26
0.191705	38.1462
0.319672	37.9588
0.532993	37.6525
0.887907	37.1587
1.38659	36.4984
1.9958	35.7309
2.66905	34.9266
3.38278	34.1183
4.13468	33.3109
4.92539	32.5053
5.75541	31.7028
6.62442	30.905
7.53136	30.1142
8.47344	29.3335
9.4538	28.5612
10.4703	27.8
11.5198	27.0525
12.5998	26.3209
13.7089	25.6061
14.8467	24.9083
16.0139	24.2272
17.2118	23.5622
18.4421	22.9125
19.7071	22.2772
21.0094	21.6556
22.3523	21.0466
23.7392	20.4495
25.1743	19.8634
26.6624	19.2875
28.2089	18.7209
29.8201	18.1627
31.5401	17.6008
33.3696	17.0387
35.3208	16.4763
37.4088	15.9135
39.6521	15.3501
42.0729	14.3555
44.6981	12.8909
47.5453	11.6769
50.6328	10.6656
54.0029	9.81387
57.6808	9.09376
61.6815	8.4836
66.0424	7.96297
70.82	7.51446
76.0311	7.12763
81.4355	6.80565
86.9381	6.53785
92.5229	6.29546
98.2044	6.03746
104.009	5.75348
109.97	5.50798
116.078	5.30934
122.327	5.15205
128.752	5.02745
135.394	4.92742
142.3	4.8452
149.513	4.77553
157.089	4.71432
165.088	4.65861
173.594	4.60624
182.716	4.55575
192.595	4.50626
202.595	4.46075
212.595	4.41956
222.595	4.38296
232.595	4.35142
242.595	4.3251
252.595	4.30368
262.595	4.29008
272.595	4.28413
282.595	4.28222
292.595	4.28627
302.595	4.33401
312.595	4.39962
322.595	4.42488
332.595	4.41116
342.595	4.36143
352.595	4.27774
362.595	4.1865
372.595	4.11687
382.595	4.06469
392.595	4.02444
402.595	3.99221
412.595	3.96547
422.595	3.94255
432.595	3.92236
442.595	3.90417
452.595	3.88752
462.595	3.87207
472.595	3.85761
482.595	3.844
492.595	3.83113
502.595	3.81894
512.595	3.80738
522.595	3.79641
532.595	3.78603
542.595	3.77621
552.595	3.76694
562.595	3.75823
572.595	3.75007
582.595	3.74245
592.595	3.73538
602.595	3.72887
612.595	3.7229
622.595	3.71749
632.595	3.71263
642.595	3.70832
651.595	3.7049
660.595	3.70193
669.595	3.69943
677.695	3.69754
685.795	3.69604
693.085	3.69498
700.375	3.69424
706.936	3.69381
713.497	3.69364
719.401	3.69368
725.306	3.69393
730	3.69425
