0.0001	100.006
0.0002667	99.9999
0.000544589	99.9998
0.00100783	99.9997
0.00178005	99.9995
0.00306735	99.9992
0.00521327	100
0.00879052	99.9973
0.0147538	99.9998
0.0246946	99.9895
0.0412658	100.001
0.0688902	99.9478
0.11494	100
0.191705	99.9999
0.319672	99.9995
0.532993	100.001
0.887907	100
1.38659	100
1.9958	99.9991
2.66905	100
3.38278	100
4.13468	100
4.92539	99.9985
5.75541	100
6.62442	100
7.53136	100
8.47344	100
9.4538	100
10.4703	99.9999
11.5198	100
12.5998	99.9999
13.7089	100
14.8467	99.9999
16.0139	100
17.2118	100
18.4421	100
19.7071	100
21.0094	100
22.3523	99.9999
23.7392	100
25.1743	99.9999
26.6624	99.9999
28.2089	100
29.8201	100
31.5401	100
33.3696	100
35.3208	100
37.4088	99.9997
39.6521	100
42.0729	100
44.6981	100
47.5453	100
50.6328	100
54.0029	100
57.6808	100
61.6815	100
66.0424	100
70.82	100
76.0311	100
81.4355	100
86.9381	100
92.5229	100
98.2044	100
104.009	100
109.97	100
116.078	100
122.327	100
128.752	100
135.394	100
142.3	100
149.513	100
157.089	100
165.088	99.9999
173.594	100
182.716	100
192.595	99.9998
202.595	100
212.595	100
222.595	100
232.595	100
242.595	100
252.595	100
262.595	100
272.595	100
282.595	100
292.595	100
302.595	100
312.595	100
322.595	100
332.595	99.9998
342.595	100
352.595	99.9999
362.595	100
372.595	100
382.595	100
392.595	100
402.595	100
412.595	100
422.595	100
432.595	100
442.595	100
452.595	100
462.595	100
472.595	100
482.595	100
492.595	100
502.595	100
512.595	100
522.595	99.9999
532.595	100
542.595	100
552.595	100
562.595	100
572.595	100
582.595	100
592.595	100
602.595	100
612.595	100
622.595	100
632.595	100
642.595	100
651.595	100
660.595	100
669.595	100
677.695	100
685.795	100
693.085	100
700.375	100
706.936	99.9999
713.497	100
719.401	100
725.306	99.9999
730	100
