0.0001	51.243
0.0002667	51.2425
0.000544589	51.2418
0.00100783	51.2405
0.00178005	51.2384
0.00306735	51.235
0.00521327	51.2292
0.00879052	51.2196
0.0147538	51.2037
0.0246946	51.1771
0.0412658	51.1328
0.0688902	51.0593
0.11494	50.9375
0.191705	50.7363
0.319672	50.4063
0.532993	49.8699
0.887907	49.0174
1.38659	47.8825
1.9958	46.5802
2.66905	45.2312
3.38278	43.8899
4.13468	42.5628
4.92539	41.2509
5.75541	39.9551
6.62442	38.6776
7.53136	37.4214
8.47344	36.1914
9.4538	34.9847
10.4703	33.805
11.5198	32.6565
12.5998	31.5419
13.7089	30.4623
14.8467	29.4177
16.0139	28.4071
17.2118	27.4292
18.4421	26.4823
19.7071	25.5649
21.0094	24.6753
22.3523	23.812
23.7392	22.9733
25.1743	22.1579
26.6624	21.3642
28.2089	20.5909
29.8201	19.6218
31.5401	17.7361
33.3696	15.9977
35.3208	14.5422
37.4088	13.3119
39.6521	12.2622
42.0729	11.3589
44.6981	10.5751
47.5453	9.89297
50.6328	9.29738
54.0029	8.77285
57.6808	8.31001
61.6815	7.85813
66.0424	7.35708
70.82	6.84603
76.0311	6.42123
81.4355	6.0966
86.9381	5.85415
92.5229	5.67174
98.2044	5.53139
104.009	5.41995
109.97	5.32818
116.078	5.25011
122.327	5.18159
128.752	5.11944
135.394	5.0615
142.3	5.0063
149.513	4.9529
157.089	4.90063
165.088	4.84905
173.594	4.79782
182.716	4.74672
192.595	4.69563
202.595	4.64815
212.595	4.60491
222.595	4.56629
232.595	4.53272
242.595	4.5042
252.595	4.48073
262.595	4.4652
272.595	4.45557
282.595	4.44857
292.595	4.45392
302.595	4.50453
312.595	4.54517
322.595	4.5469
332.595	4.51977
342.595	4.47774
352.595	4.42949
362.595	4.36192
372.595	4.28931
382.595	4.22961
392.595	4.18354
402.595	4.14715
412.595	4.11741
422.595	4.0923
432.595	4.07049
442.595	4.05108
452.595	4.03348
462.595	4.0173
472.595	4.00226
482.595	3.98818
492.595	3.97495
502.595	3.96248
512.595	3.95071
522.595	3.93961
532.595	3.92914
542.595	3.9193
552.595	3.91006
562.595	3.90143
572.595	3.8934
582.595	3.88597
592.595	3.87915
602.595	3.87294
612.595	3.86734
622.595	3.86236
632.595	3.85801
642.595	3.85429
651.595	3.85146
660.595	3.84914
669.595	3.84734
677.695	3.84614
685.795	3.84536
693.085	3.84501
700.375	3.84501
706.936	3.84529
713.497	3.84585
719.401	3.84659
725.306	3.84756
730	3.84848
