0.0001	25.6215
0.0002667	25.6214
0.000544589	25.6212
0.00100783	25.6209
0.00178005	25.6204
0.00306735	25.6196
0.00521327	25.6181
0.00879052	25.6157
0.0147538	25.6117
0.0246946	25.6051
0.0412658	25.594
0.0688902	25.5755
0.11494	25.5448
0.191705	25.4939
0.319672	25.4098
0.532993	25.2715
0.887907	25.0465
1.38659	24.7418
1.9958	24.3827
2.66905	24.0014
3.38278	23.6131
4.13468	23.2206
4.92539	22.8246
5.75541	22.4258
6.62442	22.0253
7.53136	21.6245
8.47344	21.2252
9.4538	20.8265
10.4703	20.4299
11.5198	20.0371
12.5998	19.649
13.7089	19.2664
14.8467	18.8895
16.0139	18.5182
17.2118	18.1522
18.4421	17.7912
19.7071	17.4348
21.0094	17.0825
22.3523	16.734
23.7392	16.3887
25.1743	16.0462
26.6624	15.706
28.2089	15.3677
29.8201	15.0307
31.5401	14.6875
33.3696	14.3399
35.3208	13.9877
37.4088	13.6307
39.6521	13.2683
42.0729	12.9
44.6981	12.5253
47.5453	12.1455
50.6328	11.762
54.0029	11.3743
57.6808	10.9841
61.6815	10.5946
66.0424	10.1536
70.82	9.2263
76.0311	8.35197
81.4355	7.67874
86.9381	7.15751
92.5229	6.74613
98.2044	6.41421
104.009	6.14063
109.97	5.91064
116.078	5.71498
122.327	5.54657
128.752	5.39921
135.394	5.26821
142.3	5.15006
149.513	5.04215
157.089	4.94238
165.088	4.84909
173.594	4.76087
182.716	4.6568
192.595	4.53198
202.595	4.39044
212.595	4.27649
222.595	4.19013
232.595	4.1272
242.595	4.08284
252.595	4.05261
262.595	4.03453
272.595	4.02912
282.595	4.03221
292.595	4.04015
302.595	4.07395
312.595	4.14726
322.595	4.20668
332.595	4.23124
342.595	4.18102
352.595	4.06207
362.595	3.96462
372.595	3.89394
382.595	3.8422
392.595	3.80294
402.595	3.77186
412.595	3.74623
422.595	3.72432
432.595	3.705
442.595	3.68757
452.595	3.67155
462.595	3.65664
472.595	3.64263
482.595	3.62938
492.595	3.61681
502.595	3.60485
512.595	3.59345
522.595	3.58259
532.595	3.57226
542.595	3.56242
552.595	3.55308
562.595	3.54423
572.595	3.53586
582.595	3.52797
592.595	3.52058
602.595	3.51366
612.595	3.50723
622.595	3.50128
632.595	3.4958
642.595	3.49081
651.595	3.4867
660.595	3.48298
669.595	3.47966
677.695	3.47699
685.795	3.47463
693.085	3.47277
700.375	3.47117
706.936	3.46994
713.497	3.46892
719.401	3.46817
725.306	3.46759
730	3.46724
