0.0001	5519.2
0.0002667	5519.16
0.000544589	5519.1
0.00100783	5519
0.00178005	5518.83
0.00306735	5518.55
0.00521327	5518.09
0.00879052	5517.31
0.0147538	5516.02
0.0246946	5513.87
0.0412658	5510.29
0.0688902	5504.34
0.11494	5494.46
0.191705	5478.12
0.319672	5451.2
0.532993	5407.21
0.887907	5336.3
1.38659	5241.48
1.9958	5131.26
2.66905	5015.76
3.38278	4899.68
4.13468	4783.72
4.92539	4668.04
5.75541	4552.79
6.62442	4438.22
7.53136	4324.65
8.47344	4212.53
9.4538	4101.63
10.4703	3992.31
11.5198	3884.97
12.5998	3779.9
13.7089	3677.25
14.8467	3577.04
16.0139	3479.24
17.2118	3383.73
18.4421	3290.43
19.7071	3199.2
21.0094	3109.92
22.3523	3022.47
23.7392	2936.72
25.1743	2852.56
26.6624	2769.85
28.2089	2688.47
29.8201	2608.32
31.5401	2527.63
33.3696	2446.89
35.3208	2366.13
37.4088	2285.31
39.6521	2204.4
42.0729	2022.97
44.6981	1735.26
47.5453	1506.81
50.6328	1323.95
54.0029	1175.6
57.6808	1054.45
61.6815	955.064
66.0424	872.758
70.82	803.806
76.0311	745.876
81.4355	698.811
86.9381	660.52
92.5229	740.394
98.2044	1047.77
104.009	1405.07
109.97	1341.37
116.078	1224.74
122.327	1117.04
128.752	1026.5
135.394	954.054
142.3	897.712
149.513	854.48
157.089	821.245
165.088	795.213
173.594	774.038
182.716	755.857
192.595	739.245
202.595	724.253
212.595	710.234
222.595	696.179
232.595	681.615
242.595	667.044
252.595	653.209
262.595	633.623
272.595	613.616
282.595	599.854
292.595	581.669
302.595	486.68
312.595	436.012
322.595	498.275
332.595	563.714
342.595	631.478
352.595	704.606
362.595	731.055
372.595	697.09
382.595	667.264
392.595	645.664
402.595	630.11
412.595	618.617
422.595	609.838
432.595	602.892
442.595	597.203
452.595	592.395
462.595	588.216
472.595	584.511
482.595	581.153
492.595	578.08
502.595	575.236
512.595	572.578
522.595	570.088
532.595	567.742
542.595	565.527
552.595	563.435
562.595	561.455
572.595	559.582
582.595	557.81
592.595	556.135
602.595	554.562
612.595	553.089
622.595	551.714
632.595	550.434
642.595	549.246
651.595	548.246
660.595	547.321
669.595	546.468
677.695	545.758
685.795	545.109
693.085	544.574
700.375	544.089
706.936	543.693
713.497	543.338
719.401	543.051
725.306	542.801
730	542.622
