0.0001	0.000559504
0.0002667	0.00149214
0.000544589	0.00304674
0.00100783	0.00563796
0.00178005	0.00995672
0.00306735	0.0171538
0.00521327	0.0291451
0.00879052	0.0491172
0.0147538	0.0823622
0.0246946	0.137647
0.0412658	0.229436
0.0688902	0.381419
0.11494	0.632031
0.191705	1.04216
0.319672	1.70519
0.532993	2.75554
0.887907	4.36188
1.38659	6.36737
1.9958	8.48516
2.66905	10.4722
3.38278	12.2362
4.13468	13.7698
4.92539	15.0785
5.75541	16.171
6.62442	17.0583
7.53136	17.7539
8.47344	18.2733
9.4538	18.6355
10.4703	18.8574
11.5198	18.9565
12.5998	18.9503
13.7089	18.8556
14.8467	18.6872
16.0139	18.4583
17.2118	18.1802
18.4421	17.8624
19.7071	17.5128
21.0094	17.1381
22.3523	16.744
23.7392	16.3351
25.1743	15.9152
26.6624	15.4876
28.2089	15.0547
29.8201	14.6189
31.5401	14.1727
33.3696	13.7208
35.3208	13.2652
37.4088	12.8076
39.6521	12.3494
42.0729	11.8922
44.6981	11.4373
47.5453	10.9882
50.6328	10.5485
54.0029	10.1186
57.6808	9.70185
61.6815	9.30185
66.0424	8.87246
70.82	8.01289
76.0311	7.12479
81.4355	6.39246
86.9381	5.8133
92.5229	5.36007
98.2044	5.00382
104.009	4.72013
109.97	4.48999
116.078	4.30012
122.327	4.14019
128.752	4.00171
135.394	3.87842
142.3	3.76579
149.513	3.66054
157.089	3.56021
165.088	3.46303
173.594	3.3679
182.716	3.38976
192.595	3.48401
202.595	3.64696
212.595	3.62521
222.595	3.54648
232.595	3.48454
242.595	3.48039
252.595	3.55533
262.595	3.74139
272.595	4.09712
282.595	4.62761
292.595	5.32878
302.595	6.51716
312.595	8.78759
322.595	11.3779
332.595	13.8079
342.595	16.5546
352.595	19.0267
362.595	20.3627
372.595	21.3842
382.595	22.288
392.595	23.1132
402.595	23.8688
412.595	24.5582
422.595	25.1841
432.595	25.7496
442.595	26.2578
452.595	26.7122
462.595	27.1158
472.595	27.4721
482.595	27.784
492.595	28.0545
502.595	28.2865
512.595	28.4828
522.595	28.6458
532.595	28.778
542.595	28.8816
552.595	28.9588
562.595	29.0117
572.595	29.0425
582.595	29.0531
592.595	29.0458
602.595	29.0224
612.595	28.9844
622.595	28.9333
632.595	28.8703
642.595	28.7968
651.595	28.7233
660.595	28.6433
669.595	28.5579
677.695	28.4774
685.795	28.3938
693.085	28.3167
700.375	28.238
706.936	28.1662
713.497	28.0938
719.401	28.0283
725.306	27.9626
730	27.9103
