0.0001	179.35
0.0002667	179.349
0.000544589	179.346
0.00100783	179.342
0.00178005	179.335
0.00306735	179.323
0.00521327	179.304
0.00879052	179.272
0.0147538	179.218
0.0246946	179.128
0.0412658	178.979
0.0688902	178.731
0.11494	178.32
0.191705	177.641
0.319672	176.529
0.532993	174.722
0.887907	171.85
1.38659	168.034
1.9958	163.658
2.66905	159.125
3.38278	154.618
4.13468	150.159
4.92539	145.751
5.75541	141.396
6.62442	137.103
7.53136	132.881
8.47344	128.748
9.4538	124.693
10.4703	120.729
11.5198	116.869
12.5998	113.123
13.7089	109.494
14.8467	105.981
16.0139	102.58
17.2118	99.2883
18.4421	96.0987
19.7071	93.0058
21.0094	90.004
22.3523	87.0877
23.7392	83.7937
25.1743	79.7892
26.6624	75.4394
28.2089	71.9902
29.8201	68.6536
31.5401	64.6002
33.3696	60.8663
35.3208	57.5553
37.4088	54.5832
39.6521	51.8842
42.0729	48.977
44.6981	45.7794
47.5453	42.8659
50.6328	40.1788
54.0029	37.7924
57.6808	35.6995
61.6815	33.8283
66.0424	32.032
70.82	29.8808
76.0311	27.9855
81.4355	26.5038
86.9381	25.3448
92.5229	24.4044
98.2044	23.5856
104.009	22.8384
109.97	22.2001
116.078	21.6619
122.327	21.206
128.752	20.8131
135.394	20.4675
142.3	20.1568
149.513	19.8716
157.089	19.605
165.088	19.3514
173.594	19.1069
182.716	18.8485
192.595	18.5703
202.595	18.2866
212.595	18.0434
222.595	17.8416
232.595	17.6784
242.595	17.549
252.595	17.4489
262.595	17.3843
272.595	17.3506
282.595	17.334
292.595	17.3595
302.595	17.5387
312.595	17.742
322.595	17.817
332.595	17.7673
342.595	17.5821
352.595	17.2855
362.595	16.9847
372.595	16.7236
382.595	16.5059
392.595	16.3258
402.595	16.1824
412.595	16.0654
422.595	15.9667
432.595	15.881
442.595	15.8048
452.595	15.7356
462.595	15.6719
472.595	15.6127
482.595	15.5571
492.595	15.5048
502.595	15.4554
512.595	15.4087
522.595	15.3646
532.595	15.3228
542.595	15.2835
552.595	15.2464
562.595	15.2117
572.595	15.1792
582.595	15.149
592.595	15.1211
602.595	15.0956
612.595	15.0723
622.595	15.0513
632.595	15.0327
642.595	15.0165
651.595	15.0038
660.595	14.993
669.595	14.9841
677.695	14.9777
685.795	14.9729
693.085	14.9699
700.375	14.9681
706.936	14.9676
713.497	14.9681
719.401	14.9695
725.306	14.9717
730	14.974
