0.0001	7358.92
0.0002667	7358.85
0.000544589	7358.75
0.00100783	7358.57
0.00178005	7358.27
0.00306735	7357.77
0.00521327	7356.95
0.00879052	7355.57
0.0147538	7353.27
0.0246946	7349.45
0.0412658	7343.1
0.0688902	7332.54
0.11494	7315.05
0.191705	7286.16
0.319672	7238.76
0.532993	7161.74
0.887907	7039.31
1.38659	6876.32
1.9958	6689.3
2.66905	6495.58
3.38278	6302.95
4.13468	6112.38
4.92539	5923.98
5.75541	5737.88
6.62442	5554.42
7.53136	5374.03
8.47344	5197.39
9.4538	5024.1
10.4703	4854.68
11.5198	4689.75
12.5998	4529.68
13.7089	4374.65
14.8467	4224.63
16.0139	4079.5
17.2118	3939.06
18.4421	3803.08
19.7071	3671.33
21.0094	3543.58
22.3523	3419.6
23.7392	3299.16
25.1743	3182.06
26.6624	3068.08
28.2089	2957.02
29.8201	2798.34
31.5401	2429.01
33.3696	2097.11
35.3208	1830.52
37.4088	1613.75
39.6521	1435.43
42.0729	1287.15
44.6981	1162.59
47.5453	1057.43
50.6328	968.212
54.0029	891.748
57.6808	826
61.6815	1086.02
66.0424	1708.43
70.82	2031.99
76.0311	1786.65
81.4355	1554.94
86.9381	1366.65
92.5229	1222.82
98.2044	1115.87
104.009	1037.05
109.97	978.809
116.078	935.401
122.327	902.383
128.752	876.381
135.394	855.038
142.3	836.766
149.513	820.503
157.089	805.529
165.088	791.344
173.594	777.568
182.716	763.892
192.595	750.048
202.595	736.807
212.595	724.07
222.595	711.196
232.595	698.037
242.595	685.144
252.595	672.403
262.595	654.63
272.595	639.569
282.595	629.413
292.595	602.128
302.595	516.352
312.595	519.114
322.595	572.726
332.595	614.789
342.595	637.459
352.595	647.813
362.595	684.456
372.595	699.627
382.595	682.788
392.595	662.143
402.595	646.417
412.595	634.718
422.595	625.795
432.595	618.767
442.595	613.044
452.595	608.237
462.595	604.085
472.595	600.427
482.595	597.131
492.595	594.129
502.595	591.364
512.595	588.793
522.595	586.395
532.595	584.149
542.595	582.043
552.595	580.068
562.595	578.212
572.595	576.469
582.595	574.836
592.595	573.306
602.595	571.879
612.595	570.554
622.595	569.329
632.595	568.203
642.595	567.178
651.595	566.338
660.595	565.585
669.595	564.919
677.695	564.389
685.795	563.929
693.085	563.57
700.375	563.269
706.936	563.042
713.497	562.862
719.401	562.737
725.306	562.649
730	562.601
