0.0001	17
0.0002667	17
0.000544589	17
0.00100783	17
0.00178005	17
0.00306735	17
0.00521327	17
0.00879052	17
0.0147538	17
0.0246946	17
0.0412658	17
0.0688902	17
0.11494	17
0.191705	17
0.319672	17
0.532993	17
0.887907	17
1.38659	17
1.9958	17
2.66905	17
3.38278	17
4.13468	17
4.92539	17
5.75541	17
6.62442	17
7.53136	17
8.47344	17
9.4538	17
10.4703	17
11.5198	17
12.5998	17
13.7089	17
14.8467	17
16.0139	17
17.2118	17
18.4421	17
19.7071	17
21.0094	17
22.3523	17
23.7392	17
25.1743	17
26.6624	17
28.2089	17
29.8201	17
31.5401	17
33.3696	17
35.3208	17
37.4088	17
39.6521	17
42.0729	17
44.6981	17
47.5453	17
50.6328	17
54.0029	17
57.6808	17
61.6815	17
66.0424	17
70.82	17
76.0311	17
81.4355	17
86.9381	17
92.5229	17
98.2044	17
104.009	17
109.97	17
116.078	17
122.327	17
128.752	17
135.394	17
142.3	17
149.513	17
157.089	17
165.088	17
173.594	17
182.716	17
192.595	17
202.595	17
212.595	17
222.595	17
232.595	17
242.595	17
252.595	17
262.595	17
272.595	17
282.595	17
292.595	17
302.595	17
312.595	17
322.595	17
332.595	17
342.595	17
352.595	17
362.595	17
372.595	17
382.595	17
392.595	17
402.595	17
412.595	17
422.595	17
432.595	17
442.595	17
452.595	17
462.595	17
472.595	17
482.595	17
492.595	17
502.595	17
512.595	17
522.595	17
532.595	17
542.595	17
552.595	17
562.595	17
572.595	17
582.595	17
592.595	17
602.595	17
612.595	17
622.595	17
632.595	17
642.595	17
651.595	17
660.595	17
669.595	17
677.695	17
685.795	17
693.085	17
700.375	17
706.936	17
713.497	17
719.401	17
725.306	17
730	17
