0.0001	64.0536
0.0002667	64.0529
0.000544589	64.0517
0.00100783	64.0498
0.00178005	64.0466
0.00306735	64.0412
0.00521327	64.0322
0.00879052	64.0172
0.0147538	63.9922
0.0246946	63.9507
0.0412658	63.8816
0.0688902	63.767
0.11494	63.5773
0.191705	63.2649
0.319672	62.754
0.532993	61.9284
0.887907	60.627
1.38659	58.9117
1.9958	56.9638
2.66905	54.966
3.38278	52.997
4.13468	51.0651
4.92539	49.1701
5.75541	47.3125
6.62442	45.4949
7.53136	43.7213
8.47344	41.998
9.4538	40.3206
10.4703	38.6939
11.5198	37.123
12.5998	35.611
13.7089	34.1587
14.8467	32.765
16.0139	31.4279
17.2118	30.1447
18.4421	28.9127
19.7071	27.7289
21.0094	26.5906
22.3523	25.4951
23.7392	23.9821
25.1743	21.7216
26.6624	19.0816
28.2089	17.3107
29.8201	15.8384
31.5401	14.5757
33.3696	13.4901
35.3208	12.5491
37.4088	11.7271
39.6521	11.0036
42.0729	10.3626
44.6981	9.78814
47.5453	9.1505
50.6328	8.45383
54.0029	7.83141
57.6808	7.31163
61.6815	6.89195
66.0424	6.55832
70.82	6.29395
76.0311	6.08463
81.4355	5.92281
86.9381	5.79532
92.5229	5.69111
98.2044	5.6025
104.009	5.52435
109.97	5.45329
116.078	5.3875
122.327	5.32579
128.752	5.26703
135.394	5.21037
142.3	5.15519
149.513	5.10107
157.089	5.04766
165.088	4.99469
173.594	4.94194
182.716	4.88922
192.595	4.83643
202.595	4.78728
212.595	4.74242
222.595	4.70224
232.595	4.66707
242.595	4.63683
252.595	4.61184
262.595	4.59451
272.595	4.58182
282.595	4.571
292.595	4.57916
302.595	4.62622
312.595	4.64999
322.595	4.63859
332.595	4.60516
342.595	4.56193
352.595	4.51623
362.595	4.47168
372.595	4.42349
382.595	4.36945
392.595	4.31491
402.595	4.27116
412.595	4.23624
422.595	4.20753
432.595	4.18318
442.595	4.16196
452.595	4.14306
462.595	4.12592
472.595	4.11017
482.595	4.09557
492.595	4.08195
502.595	4.06918
512.595	4.0572
522.595	4.04596
532.595	4.03541
542.595	4.02554
552.595	4.01633
562.595	4.00778
572.595	3.99988
582.595	3.99263
592.595	3.98603
602.595	3.98009
612.595	3.97482
622.595	3.97021
632.595	3.96629
642.595	3.96305
651.595	3.9607
660.595	3.9589
669.595	3.95768
677.695	3.95704
685.795	3.95687
693.085	3.95709
700.375	3.95769
706.936	3.95855
713.497	3.95972
719.401	3.96103
725.306	3.9626
730	3.96401
