0.0001	0.00223801
0.0002667	0.00596831
0.000544589	0.0121859
0.00100783	0.0225483
0.00178005	0.0398159
0.00306735	0.068583
0.00521327	0.116488
0.00879052	0.196208
0.0147538	0.328717
0.0246946	0.548549
0.0412658	0.912084
0.0688902	1.51005
0.11494	2.4856
0.191705	4.05356
0.319672	6.51391
0.532993	10.2249
0.887907	15.4648
1.38659	21.3106
1.9958	26.6705
2.66905	30.9261
3.38278	34.0279
4.13468	36.1391
4.92539	37.4299
5.75541	38.0542
6.62442	38.148
7.53136	37.8298
8.47344	37.2019
9.4538	36.3441
10.4703	35.3243
11.5198	34.1981
12.5998	33.0092
13.7089	31.7899
14.8467	30.5632
16.0139	29.3453
17.2118	28.1471
18.4421	26.9758
19.7071	25.836
21.0094	24.7305
22.3523	23.6609
23.7392	22.6278
25.1743	21.6311
26.6624	20.6706
28.2089	19.7454
29.8201	18.6743
31.5401	16.8017
33.3696	14.9081
35.3208	13.1905
37.4088	11.6727
39.6521	10.3566
42.0729	9.23205
44.6981	8.28203
47.5453	7.49045
50.6328	6.83832
54.0029	6.30298
57.6808	5.86673
61.6815	5.80809
66.0424	6.29705
70.82	6.74928
76.0311	6.59976
81.4355	6.21302
86.9381	5.79254
92.5229	5.4198
98.2044	5.11585
104.009	4.87674
109.97	4.69032
116.078	4.54411
122.327	4.42664
128.752	4.3283
135.394	4.242
142.3	4.16282
149.513	4.08745
157.089	4.01373
165.088	3.9405
173.594	3.86761
182.716	3.79638
192.595	3.73049
202.595	3.6798
212.595	3.65262
222.595	3.66447
232.595	3.7354
242.595	3.88215
252.595	4.12486
262.595	4.55511
272.595	5.1875
282.595	5.99901
292.595	7.23798
302.595	9.77115
312.595	12.7192
322.595	15.326
332.595	17.4862
342.595	19.2714
352.595	20.7872
362.595	22.3684
372.595	23.7013
382.595	24.6868
392.595	25.5162
402.595	26.2692
412.595	26.9572
422.595	27.5841
432.595	28.1525
442.595	28.6657
452.595	29.1268
462.595	29.5392
472.595	29.906
482.595	30.2301
492.595	30.5148
502.595	30.7626
512.595	30.9763
522.595	31.1584
532.595	31.3113
542.595	31.437
552.595	31.5374
562.595	31.6146
572.595	31.6706
582.595	31.7073
592.595	31.7267
602.595	31.7309
612.595	31.7219
622.595	31.7015
632.595	31.6718
642.595	31.6345
651.595	31.5959
660.595	31.5533
669.595	31.5073
677.695	31.4637
685.795	31.4184
693.085	31.3766
700.375	31.3342
706.936	31.2957
713.497	31.2572
719.401	31.2226
725.306	31.1884
730	31.1615
