0.0001	9198.63
0.0002667	9198.53
0.000544589	9198.37
0.00100783	9198.09
0.00178005	9197.62
0.00306735	9196.85
0.00521327	9195.56
0.00879052	9193.4
0.0147538	9189.82
0.0246946	9183.85
0.0412658	9173.94
0.0688902	9157.48
0.11494	9130.24
0.191705	9085.36
0.319672	9012
0.532993	8893.44
0.887907	8706.54
1.38659	8460.21
1.9958	8180.48
2.66905	7893.57
3.38278	7610.81
4.13468	7333.38
4.92539	7061.24
5.75541	6794.46
6.62442	6533.45
7.53136	6278.74
8.47344	6031.27
9.4538	5790.37
10.4703	5556.76
11.5198	5331.17
12.5998	5114.04
13.7089	4905.48
14.8467	4705.33
16.0139	4513.31
17.2118	4329.03
18.4421	4152.1
19.7071	3982.1
21.0094	3818.63
22.3523	3661.32
23.7392	3402.83
25.1743	2972.34
26.6624	2458.74
28.2089	2140.27
29.8201	1885.75
31.5401	1675.33
33.3696	1500.55
35.3208	1353.88
37.4088	1229.62
39.6521	1123.36
42.0729	1031.75
44.6981	975.43
47.5453	1976.85
50.6328	2842.33
54.0029	2642
57.6808	2292.35
61.6815	1966.91
66.0424	1691.26
70.82	1470.91
76.0311	1302.76
81.4355	1182.27
86.9381	1097.2
92.5229	1036.31
98.2044	991.473
104.009	957.18
109.97	929.809
116.078	907.128
122.327	887.666
128.752	870.38
135.394	854.582
142.3	839.822
149.513	825.804
157.089	812.304
165.088	799.144
173.594	786.147
182.716	773.134
192.595	759.924
202.595	747.304
212.595	735.191
222.595	723.021
232.595	710.768
242.595	698.943
252.595	686.745
262.595	670.738
272.595	658.57
282.595	650.046
292.595	615.366
302.595	547.7
312.595	570.21
322.595	613.721
332.595	642.026
342.595	654.848
352.595	657.959
362.595	655.991
372.595	662.151
382.595	673.304
392.595	677.291
402.595	662.71
412.595	649.689
422.595	639.723
432.595	632.005
442.595	625.842
452.595	620.763
462.595	616.453
472.595	612.709
482.595	609.382
492.595	606.384
502.595	603.648
512.595	601.124
522.595	598.785
532.595	596.608
542.595	594.578
552.595	592.686
562.595	590.919
572.595	589.271
582.595	587.738
592.595	586.315
602.595	585.002
612.595	583.798
622.595	582.701
632.595	581.709
642.595	580.825
651.595	580.116
660.595	579.501
669.595	578.979
677.695	578.582
685.795	578.263
693.085	578.035
700.375	577.868
706.936	577.766
713.497	577.713
719.401	577.705
725.306	577.738
730	577.79
