0.0001	32717
0.0002667	32711.7
0.000544589	32705.6
0.00100783	32695.5
0.00178005	32678.7
0.00306735	32650.7
0.00521327	32604.5
0.00879052	32526.6
0.0147538	32399.6
0.0246946	32186.5
0.0412658	31845.4
0.0688902	31273.9
0.11494	30403.9
0.191705	29041.5
0.319672	27036.2
0.532993	24278.2
0.887907	20831.3
1.38659	17499.3
1.9958	14612.8
2.66905	9467.45
3.38278	7749.59
4.13468	6949.32
4.92539	6509.65
5.75541	6242.35
6.62442	6066.41
7.53136	5927.75
8.47344	5766.42
9.4538	5666.84
10.4703	5593.21
11.5198	5531.45
12.5998	5475.68
13.7089	5423.61
14.8467	5374.48
16.0139	5328.2
17.2118	5284.8
18.4421	5244.33
19.7071	5206.79
21.0094	5172.11
22.3523	5140.19
23.7392	5110.85
25.1743	5083.94
26.6624	5059.28
28.2089	5036.71
29.8201	5025.14
31.5401	5011.49
33.3696	4998.82
35.3208	4987.1
37.4088	4976.36
39.6521	4966.62
42.0729	4957.91
44.6981	4952.23
47.5453	4949.09
50.6328	4945.68
54.0029	4942.87
57.6808	4940.48
61.6815	4938.21
66.0424	4935.21
70.82	4931.39
76.0311	4923.98
81.4355	4917.03
86.9381	4912.33
92.5229	4908.94
98.2044	4906.48
104.009	4904.7
109.97	4902.49
116.078	4899.08
122.327	4896.57
128.752	4894.84
135.394	4893.78
142.3	4893.36
149.513	4893.48
157.089	4894.09
165.088	4894.95
173.594	4895.96
182.716	4898.07
192.595	4899.83
202.595	4900.88
212.595	4901.67
222.595	4902.37
232.595	4903.03
242.595	4903.67
252.595	4904.28
262.595	4904.83
272.595	4905.31
282.595	4905.7
292.595	4905.99
302.595	4906.16
312.595	4906.19
322.595	4906.06
332.595	4905.73
342.595	4905.24
352.595	4904.61
362.595	4903.81
372.595	4902.6
382.595	4901.05
392.595	4899.18
402.595	4896.85
412.595	4894.24
422.595	4891.34
432.595	4888.19
442.595	4884.78
452.595	4881.11
462.595	4877.22
472.595	4873.11
482.595	4868.79
492.595	4864.29
502.595	4859.62
512.595	4854.79
522.595	4849.82
532.595	4844.68
542.595	4839.43
552.595	4834.06
562.595	4828.64
572.595	4823.19
582.595	4817.66
592.595	4812.09
602.595	4806.44
612.595	4800.72
622.595	4794.94
632.595	4789.12
642.595	4783.24
651.595	4777.92
660.595	4772.54
669.595	4767.14
677.695	4762.27
685.795	4757.42
693.085	4753.05
700.375	4748.69
706.936	4744.77
713.497	4740.85
719.401	4737.3
725.306	4733.75
730	4730.93
